0 85,85
0 169,169,169
0 169,199
2 67,5
3 161,19
4 221,196
4 169,37
7 127,144
8 64,113,89
8 169,69
9 131,56
9 225,169
9 192,139
10 99,16
10 27,173
10 108,146
11 185,118,144
12 107,82
14 135,122
14 149,127,32
16 229,108
18 86,18,239
18 232,153,153,232
18 63,98
18 143,143
19 61,144
20 202,142
20 28,96
20 6,6
21 28,169
21 99,137
22 66,209
24 127,169
24 127,154
25 169,112
26 34,99
27 115,216
27 154,169
27 65,157,65
27 181,218
28 20,96,146
30 106,169
30 131,208,218
31 85,153
32 169,236
32 144,37
32 100,12
33 169,78,19
33 173,119
34 230,238
34 104,229,108
35 94,170
35 231,169
37 148,145,148,239
37 169,169
39 199,220
39 62,62,102
40 131,119
41 160,175
41 218,128,91
41 222,7,21
42 149,164
42 37,141
43 169,230
43 224,21
43 108,169,199
44 113,202
45 194,149,144
46 169,76,76,160
47 120,115
47 19,169
48 169,85
49 115,26
50 137,169
50 85,90
50 50,153
51 196,82,187
53 169,169
53 126,169
53 199,0
54 169,85,139
56 220,137
59 164,239
59 77,211
60 202,188,45
60 169,169,60
60 187,65,142,65
60 169,69
61 235,59,21
62 17,131
62 39,62
62 142,142,84
63 0,43
63 169,88,88
64 119,170
64 169,153
64 8,113
65 159,187,60,142
65 27,157
65 27,157,27,27
66 60,37
67 2,5,224
68 228,139
68 90,196
69 169,14,7
69 60,169,102,222
70 169,169
72 72,17
74 108,169
74 230,206
76 169,46,76
76 137,62,32
77 131,188
77 101,149
78 136,38
78 191,164
78 154,163
78 132,166
79 79,57
80 153,229
80 89,112
81 140,217
82 180,12
82 15,108
82 196,51,187,196
82 169,196,99
82 57,110
82 196,117,92
83 10,127
85 231,175,56,169
85 169,218
85 169,142
85 102,203
85 50,169
85 92,211
86 18,18
86 149,92
86 169,156
87 213,87
87 197,169,9,64
87 60,48
88 169,63,88,121
88 224,224
89 169,169,215,89
89 80,112,213
90 149,96
91 169,142,169,122
91 63,240
91 177,169
91 169,137
92 169,142
92 82,117,211,199
93 224,105
94 169,194,126
96 169,169
97 169,78,48
97 201,224
97 97,97
97 120,169,131
97 169,78,48
97 64,169
98 154,233
98 45,131
98 211,47,201
98 169,131
98 144,144
98 74,30
98 21,178
98 170,67
98 197,98,52
98 197,98,52,24
98 169,155,177
98 177,183,177
99 241,241
100 164,137
101 149,169
102 142,142
102 215,108
102 190,207,161
102 169,176,97,37
102 169,69,222,144
103 53,7
103 103,103
103 103,103,103
103 103,103,103,169
104 108,199
104 34,229
105 212,105
106 5,148
106 224,224
106 30,169,37
106 53,131
106 229,153
107 107,107
108 169,162,81
108 99,83
108 169,229,69
108 43,169
108 229,116
110 126,237
110 232,103
110 150,39
110 182,230
110 86,44
110 235,78
111 197,197
113 137,184,101
113 227,169,218
113 169,113,105
113 169,169
113 169,231,169
113 156,206
113 193,144
113 169,94
114 141,169
114 169,111,4
115 210,82,210
117 117,229
117 196,82,92,211
118 185,11,144,185
120 29,199
120 231,169,140
120 231,162,9
120 97,169
120 120,128
121 169,69
121 97,144
121 169,69
121 85,50
122 51,25
122 168,34
125 169,85
125 154,16
125 202,153
125 169,97
125 116,169
125 148,169
126 157,157
127 7,144,163
127 52,52
128 28,79
128 128,128
129 173,129
131 169,199,169
131 40,119,99
131 142,199,199
131 202,85
131 131,22
131 202,85
131 30,208
135 135,43
136 25,169
137 222,144
137 113,184
137 91,169,214,62
137 76,62
138 138,92
138 138,92,221
139 68,228,151,49
139 187,99
140 81,217,32
140 120,144
141 173,98
142 169,144,144
142 102,142,125
142 169,91,169
142 210,38
142 142,131
142 131,199
142 73,167
142 62,142
142 169,169,169,143
143 229,169
143 18,143,227
143 18,143,227,84
144 11,118,185,171
144 98,144
144 17,6
144 74,176
144 169,225
144 13,153
144 43,230
144 199,97
144 169,141
144 0,241
144 144,153
144 188,169,144
145 145,62
145 148,37,148
145 169,78
145 159,33
148 169,141,56
148 235,148,153
148 145,37
148 125,169,153
149 179,43,169
149 169,33,144
149 142,124
149 226,197
149 101,169,169
149 90,96,145
149 90,141
149 176,131
149 85,116
149 14,127
150 169,169
150 127,142
151 169,207
152 129,231
153 235,50
153 220,13
153 232,18,153
153 80,229,50
154 211,39,154
154 211,39,154
154 169,169
155 33,72
155 169,108
155 220,55
155 142,240
156 121,217
156 169,213
157 65,27,65,27
157 127,215
158 164,169,8
159 150,108
159 187,65
159 98,40
159 169,180
160 46,155
160 169,150,144
161 216,169
163 188,237
164 59,239,142
164 169,143
164 231,183
164 169,11,87
164 224,154
164 158,169
166 45,14
166 193,79,79
168 149,199
168 52,77
168 231,229
169 177,116
169 125,85,241
169 97,78
169 189,169
169 151,207,84
169 169,222
169 169,164
169 169,164,167
169 0,169
169 223,131
169 108,5
169 169,142
169 149,33
169 131,169
169 219,169
169 98,131,144
169 131,199
169 85,218,169
169 218,128
169 169,25
169 169,25,169
169 63,88
169 169,169
169 241,241
169 142,144
169 121,69,169
169 33,78
169 237,45
169 64,153,169
169 76,46
169 136,169
169 108,162
169 211,62,144
169 142,91
169 156,169
169 231,120,140,149
169 169,93
169 165,169
169 225,235
169 169,232
169 169,89
169 169,89,215
169 169,169
169 169,169
169 187,32
169 26,152
169 53,231
169 169,42
169 169,42,42
169 43,230,161
169 140,169
169 148,141
169 37,169
169 205,169
169 129,199
169 224,224,38
169 227,86,224
169 60,169
169 224,82
169 169,169
169 169,169,62
169 69,14
169 53,169,45
169 144,231
169 210,115
169 223,131
169 60,169
169 169,14
169 82,196
169 113,113
169 7,169
169 137,98
169 199,169
169 169,199,199,144
169 144,225,96
169 211,213,211
169 164,224
169 228,62,177
169 220,169,14
169 231,169
169 44,108
169 169,69
169 169,85
169 144,169
169 159,169
169 160,169
169 98,153
169 169,123
169 164,11
169 113,169,0
169 113,169,0,113
169 108,229
169 113,231
169 169,224
169 169,224,142
169 169,169
169 169,169,169
169 199,81
169 169,124
169 160,150
169 232,211
169 144,14
169 1,131
169 97,78
169 85,169
169 97,42
169 7,85
169 169,169
169 144,169
169 108,170
169 94,194
169 43,155
169 169,169
169 85,169
169 169,169
169 169,169,131
169 169,169,131,144
169 85,50
169 197,87,9
169 114,111
169 14,238
169 169,56
169 0,169
169 144,141,106
169 169,141
169 169,63
169 67,84
169 58,154
169 169,182
169 169,176
169 169,176,102
169 91,137,214
169 98,155
169 69,73
169 15,157
169 169,169
169 54,85
169 60,69,102
169 145,78,191
169 169,169
169 224,224
169 154,169,164
169 169,169
169 169,142
169 169,142,169
169 169,238
169 169,238,183
169 179,85
170 211,24
171 128,62
173 142,99
173 169,104
175 231,85,56
176 169,169,102,97
176 221,223
176 169,91
177 179,169
177 91,169,25
177 98,183
179 149,43
179 177,169,224
185 11,118
185 118,144,171,171
187 169,32,141
187 159,65,60
187 169,142
188 169,131
188 199,133
188 144,169
189 144,85
190 102,207
190 27,44
192 9,139,127
193 113,144,184
193 166,79
194 45,149
196 51,82
196 82,117
196 30,30
197 169,87
197 15,85
197 98,98
198 98,38
198 155,62
199 145,189
199 105,149
199 142,131,199,199
199 131,199,199,63
199 199,199,63,85
199 169,169,199
199 188,133,154
199 199,108
199 92,211,224,224
199 53,0,169
199 0,208
200 85,108
201 52,31
202 60,188
202 191,137
202 20,142,149
204 11,11
208 131,30,218,30
208 169,169
209 4,115
210 169,115,144
210 169,38
210 117,229
210 115,82
211 98,47
211 154,39
211 169,62
211 169,213
211 169,213,169,169
211 154,39
211 117,92,199,224
211 170,24,40
212 169,92
213 87,87,41
213 211,169,211,169
215 43,149
215 166,211
217 81,140,32,169
218 169,128,169
218 218,218
218 218,218,218
218 41,128
219 239,164
219 182,74
220 235,115,5
220 169,148
220 153,13,20
220 169,169
220 42,220
220 198,169
222 41,7
223 110,223
224 183,108
224 224,224
224 98,224
224 169,224
224 169,224
224 87,210
224 211,199,224,92
224 235,224
224 229,108,66
224 169,224,224
225 169,235,24
225 182,169
225 144,169,96,102
225 119,169
226 226,108
227 113,169
227 169,86
227 91,32
227 169,219
228 68,139,151
228 169,62
229 64,169
229 143,169,210
229 104,34,108,66
229 131,118
229 80,153,50,70
229 224,108
230 34,238,26
230 154,238
230 230,145
230 230,145,140
230 74,206,140
230 188,169
231 175,85
231 0,188
231 120,169
231 120,162
231 142,142
231 129,162
231 144,59
231 232,188
232 153,18
232 146,149
232 169,211,213
233 169,169
235 220,115
235 224,210
235 148,148
235 61,59
236 102,142
236 216,144
237 237,18
237 237,18,7
238 169,169,183,188
240 224,82
